1.8041
0.6784
2.0438
1.3186
1.7267
1.0516
-0.3849
-0.7118
0.6754
1.7853
0.5495
1.7915
0.7096
2.0687
1.5394
-0.0084
-0.6608
0.9144
1.7801
1.3404
0.1777
-0.1121
-1.0558
0.3911
1.0338
-0.0374
1.7965
0.6487
-1.0000
-0.4010
-0.7828
-0.8704
-1.1899
-0.1892
-1.0406
-0.4323
1.5998
0.0093
1.6721
0.5654
-0.2042
-0.9981
1.8053
0.3997
-0.1179
0.6405
1.8531
1.1769
-0.7254
-0.0714
1.1200
1.8603
1.2711
-0.1937
1.4852
-0.3463
0.1551
0.7342
0.2080
-0.8365
0.0353
-1.0441
0.7240
0.6787
0.1960
-0.9874
0.6123
0.8548
1.6875
0.4047
1.7907
0.0139
0.4619
-0.8482
-0.2108
-0.9427
1.9062
1.3045
0.6965
-0.7017
-0.1498
-0.8879
0.4032
1.8863
1.1981
-0.1201
0.5038
0.6427
-0.8036
0.7512
-0.3867
0.9984
-0.9929
0.0796
0.8957
1.9576
0.6104
1.8812
1.8283
0.3746
-0.0384
-0.9373
-1.0897
-0.1580
-0.5749
-0.8707
-1.0135
-0.2355
1.5883
1.3974
-0.1382
-0.9088
1.6112
1.0404
1.7054
0.6626
-0.0826
0.7480
-0.1706
-0.9147
-0.8070
-0.4935
-0.2230
0.8121
1.0266
1.8979
1.6877
1.5232
1.6596
1.6200
2.1073
0.7092
0.6942
1.7704
-0.9167
0.0697
-1.1005
0.7904
-0.5194
0.6836
-0.4495
-1.0545
1.7844
0.9555
0.3844
-0.9948
0.3000
1.6577
1.5980
1.4144
-0.9080
-0.0232
-0.6166
0.6981
1.6930
1.5175
0.9481
1.9875
1.5416
0.2478
0.9958
-0.0008
0.2080
-1.0085
-0.6968
-0.6995
0.5853
-0.8335
0.5270
0.9143
0.8920
-0.2195
1.1748
1.7588
0.0870
0.9883
-0.7729
-0.5863
-0.1664
-1.0489
0.6559
1.0658
0.4165
0.1672
1.3890
0.1669
-0.8468
-0.5381
0.3040
-0.1485
-0.0159
-0.9139
-1.0051
-0.3978
0.8693
1.7659
-0.3754
1.0541
0.6383
-0.7723
0.6444
0.5768
0.6842
1.1894
0.1941
1.6765
1.7583
1.0854
0.3221
1.7879
-0.3032
0.8039
-1.1221
0.1256
1.4760
1.4537
1.2173
1.8821
1.7455
1.4349
-1.0465
0.4358
-0.9252
-0.6406
1.4218
1.8117
-0.8154
0.2656
2.3067
0.8224
0.7337
0.2999
1.1844
1.8742
1.8210
0.8082
0.1613
0.8070
1.4788
1.5544
-0.6026
0.5581
1.8762
1.2258
0.3064
1.2996
0.4089
1.7655
1.2606
-0.0482
1.2922
-0.0085
0.7427
-0.2490
0.6985
-0.5397
-0.1776
0.7448
1.4060
1.8302
0.4664
-0.0426
0.7799
-0.1661
1.5858
0.4104
0.2184
1.1946
0.3921
0.9686
0.3187
1.1836
0.4366
0.0175
-0.7099
-0.8305
1.5980
0.6986
0.6562
0.7510
0.3648
1.7566
2.0491
0.8758
-0.6675
-0.6591
-0.7451
-0.8168
-0.8486
0.6826
-0.3124
1.1251
-0.0935
1.0268
0.2788
-0.9795
0.5770
-0.8618
-0.6706
-0.9095
-0.3759
-0.9815
1.3104
0.1481
1.2499
1.8183
0.3512
1.6688
0.2118
1.6620
1.1275
0.0321
1.2479
1.9534
0.4427
0.9236
0.6509
1.7808
-0.8461
-0.3358
0.6869
0.0662
1.5716
1.6811
0.8724
0.1445
0.6042
-0.9059
-0.9377
-0.1915
0.1496
0.4422
0.2753
-0.0930
-0.8153
0.5125
-0.6294
1.1229
1.3345
-0.0321
0.8068
0.7538
1.2756
1.7557
-0.2652
0.9621
-0.9262
0.2884
0.7134
-0.6414
-1.0300
0.7837
0.4516
-0.9603
1.1223
0.0580
1.1776
-0.1736
0.4456
0.1014
-0.3597
-0.8503
0.4753
1.7764
0.3456
-0.7520
-0.6290
-0.3676
-0.0431
-0.0311
-0.5333
0.9211
1.6069
0.2535
1.4141
0.2811
-0.0813
0.9349
-0.0388
0.7433
0.4890
0.2214
0.9895
1.8892